             dim1 = 100000
             dim2 = 10000
            nitns = 100
 cycles/entry/itn = 8.16513

             dim1 = 100000
             dim2 = 10000
            nitns = 1000
 cycles/entry/itn = 8.45619

             dim1 = 100000
             dim2 = 10000
            nitns = 100
 cycles/entry/itn = 8.46037

